18
P_onca 0.000000 6.985400 12.770200 13.281400 12.866800 10.921200 7.360200 12.465800 12.715800 15.587050 15.464600 15.018000 14.726400 14.176650 14.646400 12.948300 11.879000 9.722600
P_concolor 6.985400 0.000000 11.726600 12.237800 11.823200 9.877600 6.316600 17.102200 17.352200 20.223450 20.101000 19.654400 19.362800 18.813050 19.282800 17.584700 16.515400 14.359000
P_lotor 12.770200 11.726600 0.000000 1.000000 1.244400 3.982400 8.943000 22.887000 23.137000 26.008250 25.885800 25.439200 25.147600 24.597850 25.067600 23.369500 22.300200 20.143800
M_mephitis 13.281400 12.237800 1.000000 0.000000 1.755600 4.493600 9.454200 23.398200 23.648200 26.519450 26.397000 25.950400 25.658800 25.109050 25.578800 23.880700 22.811400 20.655000
L_rufus 12.866800 11.823200 1.244400 1.755600 0.000000 4.079000 9.039600 22.983600 23.233600 26.104850 25.982400 25.535800 25.244200 24.694450 25.164200 23.466100 22.396800 20.240400
T_taxus 10.921200 9.877600 3.982400 4.493600 4.079000 0.000000 7.094000 21.038000 21.288000 24.159250 24.036800 23.590200 23.298600 22.748850 23.218600 21.520500 20.451200 18.294800
S_putorius 7.360200 6.316600 8.943000 9.454200 9.039600 7.094000 0.000000 17.477000 17.727000 20.598250 20.475800 20.029200 19.737600 19.187850 19.657600 17.959500 16.890200 14.733800
G_gulo 12.465800 17.102200 22.887000 23.398200 22.983600 21.038000 17.477000 0.000000 1.000000 5.428850 5.306400 4.859800 4.568200 4.018450 4.488200 2.790100 5.903800 6.807800
M_american 12.715800 17.352200 23.137000 23.648200 23.233600 21.288000 17.727000 1.000000 0.000000 5.678850 5.556400 5.109800 4.818200 4.268450 4.738200 3.040100 6.153800 7.057800
N_vison 15.587050 20.223450 26.008250 26.519450 26.104850 24.159250 20.598250 5.428850 5.678850 0.000000 2.000050 4.368850 4.077250 3.527500 3.997250 5.468950 9.025050 9.929050
C_latrans 15.464600 20.101000 25.885800 26.397000 25.982400 24.036800 20.475800 5.306400 5.556400 2.000050 0.000000 4.246400 3.954800 3.405050 3.874800 5.346500 8.902600 9.806600
M_nivalis 15.018000 19.654400 25.439200 25.950400 25.535800 23.590200 20.029200 4.859800 5.109800 4.368850 4.246400 0.000000 1.000000 1.645850 3.243600 4.899900 8.456000 9.360000
Lo_canaden 14.726400 19.362800 25.147600 25.658800 25.244200 23.298600 19.737600 4.568200 4.818200 4.077250 3.954800 1.000000 0.000000 1.354250 2.952000 4.608300 8.164400 9.068400
Ly_canaden 14.176650 18.813050 24.597850 25.109050 24.694450 22.748850 19.187850 4.018450 4.268450 3.527500 3.405050 1.645850 1.354250 0.000000 2.402250 4.058550 7.614650 8.518650
U_american 14.646400 19.282800 25.067600 25.578800 25.164200 23.218600 19.657600 4.488200 4.738200 3.997250 3.874800 3.243600 2.952000 2.402250 0.000000 4.528300 8.084400 8.988400
C_lupus 12.948300 17.584700 23.369500 23.880700 23.466100 21.520500 17.959500 2.790100 3.040100 5.468950 5.346500 4.899900 4.608300 4.058550 4.528300 0.000000 6.386300 7.290300
M_pennanti 11.879000 16.515400 22.300200 22.811400 22.396800 20.451200 16.890200 5.903800 6.153800 9.025050 8.902600 8.456000 8.164400 7.614650 8.084400 6.386300 0.000000 6.221000
U_arctos 9.722600 14.359000 20.143800 20.655000 20.240400 18.294800 14.733800 6.807800 7.057800 9.929050 9.806600 9.360000 9.068400 8.518650 8.988400 7.290300 6.221000 0.000000

U_american 0.000000 209.000000 221.000000 221.000000 213.000000 213.000000 213.000000 212.000000 211.000000 211.000000 211.000000 211.000000 213.000000 225.000000 225.000000 217.000000 215.000000 314.000000
S_putorius 209.000000 0.000000 212.000000 212.000000 204.000000 204.000000 204.000000 203.000000 202.000000 202.000000 202.000000 202.000000 204.000000 216.000000 216.000000 208.000000 206.000000 305.000000
P_onca 221.000000 212.000000 0.000000 200.000000 208.000000 212.000000 212.000000 211.000000 210.000000 210.000000 210.000000 210.000000 212.000000 224.000000 224.000000 216.000000 214.000000 313.000000
M_mephitis 221.000000 212.000000 200.000000 0.000000 208.000000 212.000000 212.000000 211.000000 210.000000 210.000000 210.000000 210.000000 212.000000 224.000000 224.000000 216.000000 214.000000 313.000000
M_nivalis 213.000000 204.000000 208.000000 208.000000 0.000000 204.000000 204.000000 203.000000 202.000000 202.000000 202.000000 202.000000 204.000000 216.000000 216.000000 208.000000 206.000000 305.000000
C_latrans 213.000000 204.000000 212.000000 212.000000 204.000000 0.000000 200.000000 201.000000 202.000000 202.000000 202.000000 202.000000 204.000000 216.000000 216.000000 208.000000 206.000000 305.000000
M_american 213.000000 204.000000 212.000000 212.000000 204.000000 200.000000 0.000000 201.000000 202.000000 202.000000 202.000000 202.000000 204.000000 216.000000 216.000000 208.000000 206.000000 305.000000
T_taxus 212.000000 203.000000 211.000000 211.000000 203.000000 201.000000 201.000000 0.000000 201.000000 201.000000 201.000000 201.000000 203.000000 215.000000 215.000000 207.000000 205.000000 304.000000
G_gulo 211.000000 202.000000 210.000000 210.000000 202.000000 202.000000 202.000000 201.000000 0.000000 200.000000 200.000000 200.000000 202.000000 214.000000 214.000000 206.000000 204.000000 303.000000
C_lupus 211.000000 202.000000 210.000000 210.000000 202.000000 202.000000 202.000000 201.000000 200.000000 0.000000 200.000000 200.000000 202.000000 214.000000 214.000000 206.000000 204.000000 303.000000
M_pennanti 211.000000 202.000000 210.000000 210.000000 202.000000 202.000000 202.000000 201.000000 200.000000 200.000000 0.000000 200.000000 202.000000 214.000000 214.000000 206.000000 204.000000 303.000000
Lo_canaden 211.000000 202.000000 210.000000 210.000000 202.000000 202.000000 202.000000 201.000000 200.000000 200.000000 200.000000 0.000000 202.000000 214.000000 214.000000 206.000000 204.000000 303.000000
P_lotor 213.000000 204.000000 212.000000 212.000000 204.000000 204.000000 204.000000 203.000000 202.000000 202.000000 202.000000 202.000000 0.000000 212.000000 212.000000 204.000000 202.000000 301.000000
P_concolor 225.000000 216.000000 224.000000 224.000000 216.000000 216.000000 216.000000 215.000000 214.000000 214.000000 214.000000 214.000000 212.000000 0.000000 200.000000 208.000000 210.000000 311.000000
N_vison 225.000000 216.000000 224.000000 224.000000 216.000000 216.000000 216.000000 215.000000 214.000000 214.000000 214.000000 214.000000 212.000000 200.000000 0.000000 208.000000 210.000000 311.000000
L_rufus 217.000000 208.000000 216.000000 216.000000 208.000000 208.000000 208.000000 207.000000 206.000000 206.000000 206.000000 206.000000 204.000000 208.000000 208.000000 0.000000 202.000000 303.000000
U_arctos 215.000000 206.000000 214.000000 214.000000 206.000000 206.000000 206.000000 205.000000 204.000000 204.000000 204.000000 204.000000 202.000000 210.000000 210.000000 202.000000 0.000000 301.000000
Ly_canaden 314.000000 305.000000 313.000000 313.000000 305.000000 305.000000 305.000000 304.000000 303.000000 303.000000 303.000000 303.000000 301.000000 311.000000 311.000000 303.000000 301.000000 0.000000